$ANSIBLE_VAULT;1.1;AES256
62363962623066643363396366393261313962613736643765613332656666393133336339323239
3035663561333436333531633430383330353835346366650a623766353264613363393837303832
35626130663439663935343961366434333963373339663038616536633539663937326664333663
3332343134323638620a393562376265653063623939363237653535646436393866623265633630
62636164306339653566633837326465666534323537613435373663636461646238613635666536
31633534383438666631323033393665656235396561343861616635383037323735376363636266
32363966636431646363386533636664646661666531383231336565663734306235353165613935
30646137393362373365616433313034653931613539636537623738353066383962373532383163
35393364336531613738316530303166353337376666343137333233306363383633386138343738
61323966313736316166666534376536313261616638366134643832306364656331343430383465
37363833643039306364656363326333353831313039393735373032346561396336633937666434
39356431666166313865663131326161306364323430336632646361316133353764653830393334
62326561383032373434306161663436326130623132653730393135323264373866346630623034
32376362363938646665393035383535383332316238303236376537646331336632613762643135
38353236623836303432663434393866373434373236666636343230396130363633623264366438
65373164326461366661666239383663616261323731353166646461663437383138313761383863
33313561613936343533323262363532616461356361633538313065646134346664613632353836
65626231383564613933326636353131383639323930613632316635666664383733353738343265
62386263353063386361336532643365363264626636643539336463306630313538353137353766
36343930643133613130613035313165323234656466646261646330633836626239613735623865
38663636373737333162383439373235366266383865373033663734323630346434613434663363
34316630613032313766333432353265366466386362303436343230326236633635303865626137
39366565333161383431386338366362323730303439366565336161393833326135633962633163
61393232333339383063396338366232373833366637396262663866346237393164313564346431
34626433313663623564303763666166616162623665353430323363656462643438613531326538
64633763313839366430613134613632383636303765393762616638613830383437663832333263
34393964613535653662613833366263373166373631643462623535343934346632313561616163
30323861663539376161333530366236366634383031653161653433626331643262376634633031
36623433616137333866396164323464356337633363326233313236653162656230373939653566
33326562646537353833623537396262636562363434356535393462316535633936376437343332
65306337646466366561356538366666636330363863353863633439393834396230373664356230
36393537653034383839666637343433316437376161326237346632313936326437666530396536
33396635366439633862613937643534373238383439363733336337343632303862353036313031
31353239613739343861636632323739646139306263643736633363363333333539373435366561
38623638303437613937393833353735616134373766633362663862633762356565366530313934
30383663616138636265306262373361373534653931653931383464386633663937333462383063
64303034333633393065353934613630623933653934306234613464383937383135633534353235
62316366666334643765383738383134353736383966616561666635353264316364326330663437
62336639653838656132313565376161623134643434666466373761656431393265336362666230
30303132303739356261336266636332306139663034353833336163333637353262613730373535
66356433353433313565333836663464336233326239366133313062666264643436343932386661
34326433316430343666656266623662633833346261613431396638343165336131353534333737
34366330333766386163663636316234323237313135316339636432323736386336303034663066
65346663633637386333356534323431646633303638643333396564626634396137316439393139
35653031353834326161653362373330663630333466613733646365313037643866613831353166
31313264393263346435306564666132356130383337393635323531383632636631323462646632
36356665663433333533336433313435373439396565616262393565663565356636343832383331
62646364323038343163393265373361373335653830666436343233653931396431653637316336
61646362343963613162346538386230616439666265363033326565396637653232653433303131
37623663646134336462646239663866333339323131326333636538356262353863366333323231
37656638376137366532373431636637376230323736663930666539646266616432643439666666
32623666343335383464666630346538386365656562626366643834376164666230656661376437
32633938346430343861653462663965323035336436616237326330663333326162383963366132
64633462326366646237306331633732623063643737323561373136623562626439383833333333
38323162656239353039316435383964383238653534313833653331353861343836353236643632
36326431333462316532623231323731343139316136646435383132356161666261643230623464
63333532366338373930303161656435323737616336383266353965386261633130323137363239
65333638316632643936376533366362306330636166616135633566303833366632383262326632
32383231383162363064633132376332663230306261613333646464323361633433346339646535
37303766313731623263646635336232613263373838646232383834306461383661303766653732
38353562313336626561626362353062376534393334386334373061373365663066376466376334
33316633643665363331373731653039393032333164346339313063616131313236336466633536
65383437386163353637666330616533663834653538393136393664373035666434353562363862
38373837323632303262323030643466633262383037383865383430656339396236663764343764
66656537646530336634636561376335636161613662306338646335623232653436316265643435
35333136333063343738643832386533333434343939633434386661666633393061623166313136
39383061306138316165623037613934383237656465316262646530633466333564396638623462
63373239316631396131363633663038386632643930393263376331626531326362336566373433
32373162623261383135393362656438363130346331616465643238323066626330383338353938
63363331386662396637656438333765383637653734666166633263613331633930643463313735
34316537343436386432323666646364636131653965633732616432666136306238366430633064
31386163633836313766643664633364313162636163663437393261363763353133376237353364
37396133376262323364636134303465356339613664393066383463393963363932653535356635
64653233623761633338613061353737323437623666363835653939616230653539373465663064
66316231616536333339396565663738333134623739646330656337666138363766323530353935
63626130653839313264623836313039373832396164346332333964623863656138646430386335
65393838393034643361343937636235316265313137613131333161646532366634316638313136
64333232353738623534346334303334646639353763636162333063626339636266386535663134
34303931666363666137323339356462306566353664326465653963643462313865343833396433
37653938353035636534623331623836316561646337623638613638623131333332613731316662
63363339363630326662323734653139343762663531653432383462326166663566336233653366
34666630393665323262636363346231306532306237346365626639653637656231323361353864
33333564326234613037626166306236316432323731373835376236623532373238303461306137
61653661366638393939303232303835373766646439366430343462613132613237313733636531
36313135656334326231363930643461383761613138623561353738643164353663376539343061
32653339363634613137653130646366393236393864363131343665333439373461306537323766
39373163626663666465373530386661643533653538373331636661356432326337363766633163
32643833646437393634653861623336316236356439616339613138326231663431373364396337
31383663303939366262626137346462346364623366653466633435343936396161376530643737
39626264643330316165633936396638393861663366326535343063336562616235616466386666
34386534666566666663656236343431343338376264326332623934333463343730323132613936
62646630633430623335386635306233353763353738383165633236393563383337393839383639
39363463366135373934653066633562653230666437323139633132356264356130383332346633
30353637386330636237663561616330306139626535306235356338643734346438353834313230
32303035303363366231383733663836386334653937323462653930323535343661366530376265
39323732343533633539316239396431313535373130386434616661373933336464633662373639
39333934383932656538393837613063303962626563646436613038373730666235346166326134
31333738363630663838656537613934306336633038666166376661626535303837326539346664
39663332636635633562303865303433396334383663303364356136646639333863353536656336
39313736613233323732366362393035386139626566333538613136363637323239343965653230
36363732333835343463383936623732666333653865356636656466363832646639396665663432
63663465356334336636313466663661656437333734373363653165663966666335616362396534
31346332323238306662643962643562656631386632356134626261663165646364396465636138
62633866343038653463316233616639306335356539323637363733373561303736326464306262
34316636336133313137393966376431656334613766363935323535333139393635376639353765
62363439326333616436386239343064376630363866346266653833306237346361393332653336
64396638306361333163366337316334356664393062333563323632376337326562643763663539
30623562633132376666346333376662303231643033353866353338326166616461643361663031
38643463336365643363393333353932666638353031336131383938346434303564366465336464
30313963356163613364313238616136643236396338353361653963336630656465313761303866
63346532646636626564373636383237323564633733363737333230313438383037306634396539
61376230343161656365356365336630346663616338343063323837643738343332303635313266
34323333303164613333653263326432383463346537613436366137316561643461333636373433
39323561346261373538393964363365306330373330363433633738303338373136303931393835
30356234656366313965356363623363343233336133313339613933386631363466666462393765
34383135396632653031633636363666353831316333333239636565386531383632366361353464
39613962393263343064613761386336356564346239323664633665656138383933386663646537
36646166333463376666396666626335386136633237643734383739633061383636323063636262
30383264633731643264643361393162376233323539333265323231303238633231656665356263
66656362366536323466633463363232613238653236353238366332376136323138376135623033
38663238393631323535636534393539346566353263373239616539316537653234316334643135
35383163356365396137616362313134366137663037316436386264643934643938663864623662
32336662633661613131323530363662376463323639353637336638346536363738616231303236
39376266323930333463316631306261386265653134386564363333306438643830663830363035
66636464656265313133373361316531343164376235656537663036346531356164626134343763
31333530656439623432303836343161363634343632613232393135383761313761646566363237
62376433303334616131643935316439343461383663383334633333313065666665656665313733
38396531646437386637653635646631366534663364386662333664343535306437353239663533
33353538656364343364356665663733323330643935376336336532346364353736343637323737
64363066643638653965373539303435383836363930653236313639386266386162333362366531
36616430376137303937613236646536373433386134346532643635386537633632343531393632
35623662666630643634363162366335396131316262356638653738316339616432343537336132
62353733376166366461373363656561393932356436376238386165643735326138326462306639
3563643966373962626336623031303432613066303666343461
